channel +
IRsend 0,2500,438,271,188,250,188,583,188,271,167,604,188,750,188,271,167,271,188,250,188,271,167,604,167,438,188,604,167,271,167,604,188,271,167,271,167,4979,2500,438,271,188,250,188,583,188,271,167,604,188,750,188,271,167,271,188,250,188,271,167,604,167,438,188,604,167,271,167,604,188,271,167,271,167,4979

channel -
IRsend 0,2500,438,250,188,271,188,583,188,250,188,604,188,750,188,250,188,271,167,271,188,250,188,604,167,438,188,583,188,271,167,604,167,271,188,438,167,4979,2500,438,250,188,271,188,583,188,250,188,604,188,750,188,250,188,271,167,271,188,250,188,604,167,438,188,583,188,271,167,604,167,271,188,438,167,4979

ON/OFF
IRsend 0,2500,438,271,188,250,188,604,167,271,167,604,188,771,167,271,167,271,167,292,167,271,167,604,167,458,167,604,167,271,167,271,188,771,167,271,167,4979,2500,438,271,188,250,188,604,167,271,167,604,188,771,167,271,167,271,167,292,167,271,167,604,167,458,167,604,167,271,167,271,188,771,167,271,167,4979

1
IRsend 0,2500,458,250,188,250,188,604,167,271,188,583,188,771,167,271,167,271,188,271,167,271,167,604,188,438,167,604,167,271,167,292,167,271,167,438,167,4979,2500,458,250,188,250,188,604,167,271,188,583,188,771,167,271,167,271,188,271,167,271,167,604,188,438,167,604,167,271,167,292,167,271,167,438,167,4979

2
IRsend 0,2500,438,271,167,271,188,583,188,271,167,604,167,771,188,271,167,271,167,271,167,292,167,604,167,438,167,625,167,271,167,271,167,271,188,604,167,4979,2500,438,271,167,271,188,583,188,271,167,604,167,771,188,271,167,271,167,271,167,292,167,604,167,438,167,625,167,271,167,271,167,271,188,604,167,4979

3
IRsend 0,2500,438,250,188,271,167,604,188,250,188,604,167,771,188,250,188,271,167,271,167,292,167,604,167,438,167,604,188,271,167,271,167,271,167,792,167,4979,2500,438,250,188,271,167,604,188,250,188,604,167,771,188,250,188,271,167,271,167,292,167,604,167,438,167,604,188,271,167,271,167,271,167,792,167,4979

4
IRsend 0,2500,438,271,167,271,167,604,188,271,167,604,167,771,167,292,167,271,167,271,167,292,167,604,167,438,167,625,167,271,167,271,167,458,146,292,167,4979,2500,438,271,167,271,167,604,188,271,167,604,167,771,167,292,167,271,167,271,167,292,167,604,167,438,167,625,167,271,167,271,167,458,146,292,167,4979

5
IRsend 0,2500,438,250,188,271,188,583,188,250,188,604,167,771,188,250,188,271,167,271,167,271,188,604,167,438,167,604,188,250,188,271,167,438,167,438,188,4979,2500,438,250,188,271,188,583,188,250,188,604,167,771,188,250,188,271,167,271,167,271,188,604,167,438,167,604,188,250,188,271,167,438,167,438,188,4979

6
IRsend 0,2500,438,250,188,271,167,604,188,250,188,604,167,771,188,250,188,271,167,271,167,271,188,604,167,438,167,604,188,271,167,271,167,438,167,604,188,4979,2500,438,250,188,271,167,604,188,250,188,604,167,771,188,250,188,271,167,271,167,271,188,604,167,438,167,604,188,271,167,271,167,438,167,604,188,4979

7
IRsend 0,2500,438,250,188,271,167,604,188,250,188,604,167,771,188,250,188,271,167,271,167,271,188,604,167,438,167,604,188,271,167,271,167,438,167,771,188,4979,2500,438,250,188,271,167,604,188,250,188,604,167,771,188,250,188,271,167,271,167,271,188,604,167,438,167,604,188,271,167,271,167,438,167,771,188,4979

8
IRsend 0,2500,438,250,188,250,188,604,167,271,167,604,188,771,167,271,167,271,188,271,167,271,167,604,167,458,167,604,167,271,167,292,167,604,167,271,167,4979,2500,438,250,188,250,188,604,167,271,167,604,188,771,167,271,167,271,188,271,167,271,167,604,167,458,167,604,167,271,167,292,167,604,167,271,167,4979

9
IRsend 0,2500,458,250,188,250,188,583,188,271,188,583,188,750,188,271,167,271,188,250,188,271,167,604,188,417,188,604,167,271,167,271,188,604,167,438,167,4979,2500,458,250,188,250,188,583,188,271,188,583,188,750,188,271,167,271,188,250,188,271,167,604,188,417,188,604,167,271,167,271,188,604,167,438,167,4979

0
IRsend 0,2500,438,271,167,271,188,583,188,271,167,604,188,750,188,271,167,271,167,271,188,271,167,604,167,438,188,604,167,271,167,271,167,292,167,271,167,4979,2500,438,271,167,271,188,583,188,271,167,604,188,750,188,271,167,271,167,271,188,271,167,604,167,438,188,604,167,271,167,271,167,292,167,271,167,4979

MENU
IRsend 0,2500,458,250,188,250,188,604,167,271,167,604,188,771,167,271,167,271,188,271,167,271,167,604,167,458,167,604,167,438,167,438,188,438,167,271,167,4979,2500,458,250,188,250,188,604,167,271,167,604,188,771,167,271,167,271,188,271,167,271,167,604,167,458,167,604,167,438,167,438,188,438,167,271,167,4979

BACK
IRsend 0,2500,458,250,188,250,188,604,167,271,188,583,188,771,167,271,188,250,188,271,167,271,167,604,188,438,167,604,167,604,188,250,188,271,167,771,167,4979,2500,458,250,188,250,188,604,167,271,188,583,188,771,167,271,188,250,188,271,167,271,167,604,188,438,167,604,167,604,188,250,188,271,167,771,167,4979

DOWN
IRsend 0,2500,458,250,188,250,188,604,167,271,188,583,188,771,167,271,167,271,188,271,167,271,167,604,188,438,167,604,167,438,167,458,167,604,167,438,167,4979,2500,458,250,188,250,188,604,167,271,188,583,188,771,167,271,167,271,188,271,167,271,167,604,188,438,167,604,167,438,167,458,167,604,167,438,167,4979

FORWARD
IRsend 0,2500,438,271,167,271,188,583,188,271,167,604,188,750,188,271,167,271,167,271,188,271,167,604,167,438,188,583,188,271,167,604,167,604,188,271,167,4979,2500,438,271,167,271,188,583,188,271,167,604,188,750,188,271,167,271,167,271,188,271,167,604,167,438,188,583,188,271,167,604,167,604,188,271,167,4979

LEFT
IRsend 0,2500,458,250,188,271,167,604,188,250,188,583,188,771,167,271,188,250,188,271,167,271,188,583,188,438,167,604,167,438,188,438,167,604,167,604,188,4979,2500,458,250,188,271,167,604,188,250,188,583,188,771,167,271,188,250,188,271,167,271,188,583,188,438,167,604,167,438,188,438,167,604,167,604,188,4979

OK
IRsend 0,2500,438,250,188,271,167,604,188,250,188,604,167,771,167,271,188,271,167,271,167,271,188,604,167,438,167,604,188,438,167,438,167,771,167,271,188,4979,2500,438,250,188,271,167,604,188,250,188,604,167,771,167,271,188,271,167,271,167,271,188,604,167,438,167,604,188,438,167,438,167,771,167,271,188,4979

PAUSE
IRsend 0,2500,438,250,188,271,167,604,188,250,188,604,167,771,167,271,188,250,188,271,167,271,167,604,188,438,167,604,167,271,188,771,167,271,167,271,188,4979,2500,438,250,188,271,167,604,188,250,188,604,167,771,167,271,188,250,188,271,167,271,167,604,188,438,167,604,167,271,188,771,167,271,167,271,188,4979

PLAY
IRsend 0,2500,438,250,188,271,167,604,188,250,188,604,167,771,167,271,188,271,167,271,167,271,188,604,167,438,167,604,188,271,167,604,167,771,188,250,188,4979,2500,438,250,188,271,167,604,188,250,188,604,167,771,167,271,188,271,167,271,167,271,188,604,167,438,167,604,188,271,167,604,167,771,188,250,188,4979

REC
IRsend 0,2500,438,250,188,271,188,583,188,271,167,604,167,771,188,250,188,271,167,271,188,250,188,604,167,438,167,604,188,271,167,771,167,438,188,750,188,4979,2500,438,250,188,271,188,583,188,271,167,604,167,771,188,250,188,271,167,271,188,250,188,604,167,438,167,604,188,271,167,771,167,438,188,750,188,4979

REWIND
IRsend 0,2500,438,250,188,271,188,583,188,250,188,604,167,771,188,250,188,271,167,271,167,271,188,604,167,438,167,604,188,271,167,604,167,604,188,417,188,4979,2500,438,250,188,271,188,583,188,250,188,604,167,771,188,250,188,271,167,271,167,271,188,604,167,438,167,604,188,271,167,604,167,604,188,417,188,4979

RIGHT
IRsend 0,2500,438,271,167,271,188,583,188,271,167,604,167,771,188,271,167,271,167,271,188,271,167,604,167,438,167,625,167,438,167,438,167,604,188,771,167,4979,2500,438,271,167,271,188,583,188,271,167,604,167,771,188,271,167,271,167,271,188,271,167,604,167,438,167,625,167,438,167,438,167,604,188,771,167,4979

STOP
IRsend 0,2500,438,250,188,271,167,604,188,250,188,604,167,771,167,271,188,271,167,271,167,271,167,625,167,438,167,604,167,271,188,771,167,271,167,438,188,4979,2500,438,250,188,271,167,604,188,250,188,604,167,771,167,271,188,271,167,271,167,271,167,625,167,438,167,604,167,271,188,771,167,271,167,438,188,4979

TV
IRsend 0,2500,438,250,188,250,188,604,188,250,188,583,188,771,167,271,188,271,167,271,167,271,167,604,188,438,167,604,167,771,188,438,167,438,167,771,188,4979,2500,438,250,188,250,188,604,188,250,188,583,188,771,167,271,188,271,167,271,167,271,167,604,188,438,167,604,167,771,188,438,167,438,167,771,188,4979

TVGUIDE
IRsend 0,2500,438,250,188,271,188,583,188,250,188,604,167,771,188,250,188,271,167,271,167,271,188,604,167,438,167,604,188,750,188,271,167,771,188,250,188,4979,2500,438,250,188,271,188,583,188,250,188,604,167,771,188,250,188,271,167,271,167,271,188,604,167,438,167,604,188,750,188,271,167,771,188,250,188,4979

UP
IRsend 0,2500,458,250,188,250,188,604,188,250,188,583,188,750,188,271,188,250,188,271,167,271,167,604,188,438,167,604,167,438,188,417,188,604,167,271,167,4979,2500,458,250,188,250,188,604,188,250,188,583,188,750,188,271,188,250,188,271,167,271,167,604,188,438,167,604,167,438,188,417,188,604,167,271,167,4979
